,ot-ANN-186
0,1
1,1
2,0
3,0
4,1
5,0
6,1
7,1
8,0
9,1
10,0
11,0
12,1
13,1
14,0
15,1
16,0
17,0
18,0
19,0
20,1
21,1
22,0
23,1
24,0
25,1
26,1
27,0
28,0
29,0
30,0
31,0
32,0
33,1
34,0
35,1
36,0
37,1
38,0
39,1
40,0
41,0
42,0
43,1
44,0
45,1
46,0
47,1
48,0
49,0
50,1
51,1
52,1
53,0
54,0
55,0
56,0
57,0
58,0
59,0
60,0
61,0
62,0
63,0
64,0
65,1
66,0
67,0
68,0
69,0
70,0
71,0
72,1
73,0
74,1
75,1
76,0
77,0
78,1
79,0
80,0
81,1
82,0
83,1
84,0
85,1
86,0
87,1
88,0
89,1
90,1
91,1
92,0
93,1
94,0
95,0
96,0
97,0
98,0
99,1
100,0
101,1
102,1
103,0
104,0
105,1
106,0
107,1
108,1
109,0
110,1
111,0
112,0
113,0
114,1
115,1
116,1
117,0
118,0
119,1
120,0
121,1
122,1
123,0
124,0
125,1
126,1
127,1
128,0
129,0
130,0
131,1
132,1
133,1
134,1
135,0
136,1
137,1
138,0
139,0
140,0
141,1
142,0
143,0
144,1
145,1
146,1
147,0
148,0
149,1
150,0
151,0
152,1
153,0
154,0
155,1
156,0
157,0
158,0
159,1
160,0
161,0
162,0
163,1
164,0
165,0
166,0
167,0
168,0
169,1
170,1
171,0
172,1
173,1
174,1
175,0
176,1
177,1
178,0
179,1
180,1
181,1
182,1
183,0
184,1
185,1
186,1
187,1
188,1
189,1
190,0
191,0
192,1
193,0
194,0
195,0
196,1
197,1
198,0
199,0
200,0
201,0
202,0
203,0
204,0
205,1
206,0
207,0
208,1
209,0
210,1
211,0
212,0
213,1
214,1
215,1
216,0
217,1
218,1
219,0
220,0
221,1
222,1
223,1
224,1
225,1
226,0
227,0
228,0
229,0
230,0
231,1
232,1
233,1
234,1
235,0
236,0
237,1
238,1
239,0
240,0
241,1
242,0
243,0
244,0
245,0
246,0
247,1
248,1
249,0
250,1
251,0
252,0
253,1
254,0
255,0
256,1
257,0
258,0
259,1
260,0
261,1
262,1
263,1
264,0
265,0
266,1
267,0
268,1
269,0
270,0
271,0
272,0
273,1
274,0
275,0
276,0
277,0
278,0
279,0
280,0
281,1
282,0
283,1
284,0
285,1
286,0
287,0
288,0
289,1
290,0
291,0
292,0
293,0
294,0
295,1
296,1
297,0
298,1
299,1
300,1
301,1
302,0
303,1
304,1
305,1
306,0
307,0
308,0
309,0
310,0
311,0
312,1
313,1
314,0
315,1
316,1
317,0
318,1
319,0
320,1
321,0
322,1
323,1
324,0
325,0
326,1
327,1
328,0
329,0
330,0
331,0
332,1
333,1
334,0
335,1
336,1
337,1
338,1
339,0
340,1
341,0
342,0
343,0
344,0
345,1
346,0
347,0
348,1
349,1
350,0
351,0
352,0
353,1
354,1
355,1
356,1
357,1
358,1
359,0
360,0
361,0
362,1
363,0
364,0
365,1
366,0
367,1
368,1
369,0
370,1
371,0
372,0
373,0
374,0
375,0
376,1
377,1
378,0
379,0
380,0
381,1
382,0
383,0
384,1
385,0
386,1
387,0
388,0
389,0
390,0
391,0
392,0
393,0
394,0
395,0
396,1
397,0
398,0
399,0
400,0
401,1
402,0
403,0
404,0
405,0
406,0
407,1
408,0
409,1
410,0
411,1
412,0
413,1
414,0
415,1
416,0
417,1
418,0
419,0
420,0
421,0
422,0
423,1
424,0
425,0
426,0
427,0
428,1
429,1
430,0
431,0
432,0
433,0
434,1
435,1
436,0
437,1
438,0
439,1
440,1
441,0
442,1
443,1
444,1
445,0
446,0
447,1
448,1
449,1
450,1
451,0
452,1
453,1
454,0
455,0
456,0
457,0
458,1
459,0
460,1
461,0
462,0
463,1
464,0
465,1
466,0
467,1
468,0
469,1
470,1
471,0
472,0
473,1
474,1
475,0
476,1
477,0
478,1
479,1
480,0
481,0
482,0
483,1
484,0
485,1
486,1
487,0
488,0
489,0
490,1
491,1
492,1
493,0
494,1
495,1
496,0
497,1
498,1
499,0
500,1
501,0
502,0
503,1
504,1
505,1
506,1
507,1
508,0
509,0
510,0
511,0
512,1
513,0
514,0
515,0
516,1
517,0
518,0
519,0
520,0
521,1
522,0
523,1
524,1
525,0
526,0
527,0
528,1
529,1
530,0
531,1
532,0
533,0
534,1
535,0
536,0
537,1
538,0
539,1
540,0
541,0
542,0
543,1
544,0
545,1
546,0
547,0
548,0
549,0
550,1
551,1
552,1
553,1
554,0
555,0
556,1
557,1
558,1
559,1
560,0
561,1
562,1
563,0
564,1
565,1
566,0
567,0
568,1
569,0
570,0
571,1
572,0
573,0
574,0
575,0
576,1
577,0
578,0
579,0
580,1
581,1
582,1
583,0
584,0
585,0
586,1
587,1
588,0
589,1
590,0
591,0
592,0
593,0
594,0
595,1
596,0
597,0
598,1
599,1
600,1
601,0
602,1
603,0
604,1
605,0
606,0
607,1
608,0
609,0
610,0
611,1
612,1
613,0
614,0
615,1
616,0
617,1
618,0
619,0
620,0
621,0
622,0
623,0
624,0
625,0
626,0
627,1
628,0
629,1
630,0
631,0
632,0
633,0
634,1
635,0
636,1
637,0
638,1
639,0
640,1
641,0
642,1
643,1
644,1
645,0
646,0
647,0
648,0
649,0
650,1
651,1
652,0
653,1
654,1
655,1
656,0
657,1
658,0
659,1
660,1
661,0
662,0
663,0
664,1
665,0
666,1
667,1
668,0
669,1
670,1
671,0
672,1
673,0
674,0
675,0
676,0
677,0
678,0
679,1
680,0
681,0
682,1
683,0
684,1
685,0
686,1
687,1
688,1
689,1
690,0
691,1
692,0
693,0
694,1
695,0
696,1
697,0
698,0
699,1
700,0
701,0
702,0
703,0
704,0
705,0
706,1
707,0
708,1
709,1
710,0
711,1
712,0
713,1
714,1
715,0
716,1
717,1
718,1
719,1
720,0
721,0
722,1
723,1
724,0
725,0
726,1
727,1
728,0
729,0
730,0
731,1
732,1
733,1
734,0
735,0
736,1
737,0
738,0
739,0
740,0
741,1
742,1
743,0
744,1
745,0
746,1
747,0
748,0
749,0
750,0
751,1
752,0
753,0
754,1
755,0
756,0
757,0
758,1
759,1
760,1
761,1
762,0
763,0
764,0
765,1
766,1
767,0
768,1
769,0
770,0
771,1
772,1
773,0
774,1
775,1
776,1
777,0
778,1
779,0
780,0
781,0
782,1
783,1
784,0
785,0
786,1
787,0
788,0
789,0
790,0
791,1
792,1
793,1
794,0
795,1
796,0
797,0
798,0
799,1
800,0
801,1
802,1
803,0
804,0
805,1
806,0
807,1
808,1
809,0
810,0
811,1
812,1
813,0
814,0
815,0
816,0
817,1
818,0
819,1
820,0
821,1
822,0
823,0
824,0
825,0
826,1
827,1
828,0
829,0
830,0
831,1
832,0
833,0
834,0
835,1
836,1
837,0
838,0
839,0
840,1
841,1
842,0
843,0
844,0
845,0
846,0
847,1
848,1
849,0
850,1
851,0
852,1
853,0
854,0
855,0
856,1
857,0
858,0
859,1
860,1
861,0
862,0
863,1
864,0
865,0
866,0
867,1
868,0
869,0
870,1
871,0
872,1
873,1
874,0
875,0
876,0
877,0
878,1
879,0
880,1
881,0
882,0
883,1
884,1
885,0
886,0
887,0
888,0
889,1
890,0
891,1
892,0
893,1
894,0
895,1
896,1
897,0
898,0
899,0
900,0
901,1
902,0
903,0
904,1
905,0
906,1
907,0
908,1
909,1
910,1
911,1
912,1
913,1
914,0
915,1
916,0
917,1
918,0
919,0
920,1
921,1
922,0
923,0
924,1
925,0
926,1
927,0
928,0
929,0
930,0
931,1
932,1
933,1
934,0
935,0
936,0
937,0
938,0
939,0
940,0
941,1
942,1
943,1
944,1
945,0
946,0
947,1
948,0
949,0
950,1
951,1
952,1
953,0
954,1
955,0
956,0
957,1
958,0
959,1
960,0
961,0
962,1
963,1
964,0
965,1
966,0
967,1
968,1
969,0
970,1
971,1
972,0
973,1
974,0
975,0
976,0
977,0
978,0
979,1
980,1
981,1
982,0
983,1
984,1
985,0
986,0
987,1
988,1
989,0
990,1
991,0
992,0
993,1
994,1
995,1
996,1
997,0
998,1
999,0
1000,1
1001,1
1002,0
1003,0
1004,1
1005,0
1006,0
1007,0
1008,0
1009,0
1010,0
1011,0
1012,1
1013,1
1014,0
1015,0
1016,1
1017,0
1018,0
1019,1
1020,1
1021,0
1022,0
1023,1
1024,0
1025,1
1026,0
1027,0
1028,1
1029,1
1030,0
1031,1
1032,1
1033,0
1034,1
1035,0
1036,0
1037,0
1038,0
1039,0
1040,0
1041,0
1042,0
1043,0
1044,0
1045,1
1046,1
1047,1
1048,1
1049,0
1050,1
1051,0
1052,1
1053,0
1054,0
1055,1
1056,0
1057,0
1058,0
1059,1
1060,1
1061,0
1062,0
1063,1
1064,0
1065,1
1066,1
1067,0
1068,0
1069,0
1070,0
1071,0
1072,0
1073,0
1074,1
1075,0
1076,0
1077,0
1078,1
1079,1
1080,1
1081,0
1082,1
1083,1
1084,0
1085,0
1086,0
1087,0
1088,0
1089,0
1090,0
1091,1
1092,0
1093,0
1094,0
1095,1
1096,0
1097,1
1098,1
1099,1
1100,0
1101,1
1102,1
1103,1
1104,0
1105,0
1106,0
1107,1
1108,0
1109,1
1110,0
1111,0
1112,0
1113,1
1114,0
1115,1
1116,0
1117,0
1118,0
1119,1
1120,1
1121,0
1122,1
1123,0
1124,1
1125,1
1126,0
1127,0
1128,0
1129,0
1130,0
1131,1
1132,0
1133,0
1134,0
1135,0
1136,1
1137,1
1138,0
1139,1
1140,0
1141,0
1142,1
1143,0
1144,0
1145,0
1146,0
1147,1
1148,0
1149,0
1150,1
1151,0
1152,0
1153,1
1154,1
1155,1
1156,0
1157,0
1158,0
1159,0
1160,0
1161,1
1162,0
1163,1
1164,1
1165,0
1166,0
1167,1
1168,0
1169,0
1170,1
1171,0
1172,1
1173,0
1174,1
1175,0
1176,1
1177,1
1178,1
1179,1
1180,1
1181,1
1182,0
1183,1
1184,1
1185,0
1186,0
1187,0
1188,0
1189,0
1190,0
1191,1
1192,0
1193,0
1194,0
1195,0
1196,0
1197,1
1198,0
1199,0
1200,0
1201,0
1202,1
1203,0
1204,1
1205,1
1206,0
1207,1
1208,1
1209,0
1210,0
1211,1
1212,0
1213,0
1214,1
1215,0
1216,0
1217,1
1218,1
1219,1
1220,1
1221,0
1222,0
1223,0
1224,1
1225,1
1226,0
1227,1
1228,1
1229,0
1230,1
1231,1
1232,0
1233,1
1234,0
1235,1
1236,1
1237,1
1238,1
1239,0
1240,0
1241,0
1242,0
1243,0
1244,0
1245,0
1246,1
1247,1
1248,1
1249,0
1250,0
1251,0
1252,0
1253,1
1254,0
1255,0
1256,1
1257,1
1258,0
1259,1
1260,1
1261,0
1262,1
1263,1
1264,0
1265,0
1266,0
1267,0
1268,1
1269,0
1270,1
1271,0
1272,1
1273,1
1274,0
1275,1
1276,1
1277,0
1278,0
1279,0
1280,0
1281,0
1282,0
1283,0
1284,0
1285,0
1286,0
1287,1
1288,0
1289,0
1290,0
1291,1
1292,0
1293,1
1294,1
1295,1
1296,0
1297,0
1298,0
1299,0
1300,0
1301,0
1302,0
1303,0
1304,0
1305,1
1306,1
1307,1
1308,1
1309,0
1310,1
1311,0
1312,1
1313,0
1314,1
1315,1
1316,1
1317,1
1318,0
1319,1
1320,0
1321,0
1322,0
1323,1
1324,1
1325,0
1326,0
1327,0
1328,1
1329,0
1330,1
1331,1
1332,1
1333,1
1334,0
1335,0
1336,0
1337,1
1338,0
1339,0
1340,0
1341,1
1342,1
1343,0
1344,1
1345,0
1346,0
1347,0
1348,0
1349,1
1350,0
1351,0
1352,0
1353,0
1354,1
1355,0
1356,1
1357,1
1358,1
1359,1
1360,0
1361,1
1362,0
1363,0
1364,0
1365,0
1366,0
1367,1
1368,0
1369,0
1370,1
1371,1
1372,1
1373,1
1374,1
1375,1
1376,1
1377,1
1378,1
1379,0
1380,0
1381,1
1382,1
1383,0
1384,1
1385,1
1386,0
1387,0
1388,0
1389,1
1390,1
1391,1
1392,0
1393,0
1394,0
1395,0
1396,0
1397,0
1398,1
1399,1
1400,1
1401,1
1402,0
1403,0
1404,1
1405,0
1406,0
1407,0
1408,1
1409,0
1410,0
1411,0
1412,1
1413,1
1414,1
1415,1
1416,0
1417,0
1418,0
1419,0
1420,0
1421,1
1422,1
1423,1
1424,0
1425,0
1426,0
1427,0
1428,0
1429,0
1430,0
1431,1
1432,0
1433,0
1434,0
1435,1
1436,1
1437,0
1438,0
1439,0
1440,0
1441,1
1442,1
1443,1
1444,1
1445,0
1446,0
1447,0
1448,0
1449,0
1450,1
1451,1
1452,0
1453,0
1454,1
1455,0
1456,0
1457,1
1458,0
1459,0
1460,1
1461,1
1462,0
1463,0
1464,0
1465,0
1466,1
1467,0
1468,0
1469,1
1470,0
1471,0
1472,0
1473,1
1474,0
1475,0
1476,0
1477,1
1478,1
1479,0
1480,0
1481,1
1482,0
1483,0
1484,0
1485,0
1486,1
1487,0
1488,1
1489,1
1490,0
1491,0
1492,1
1493,1
1494,1
1495,0
1496,1
1497,0
1498,0
1499,0
1500,1
1501,1
1502,1
1503,0
1504,1
1505,1
1506,1
1507,1
1508,0
1509,0
1510,1
1511,0
1512,0
1513,0
1514,0
1515,0
1516,1
1517,0
1518,0
1519,0
1520,0
1521,0
1522,0
1523,0
1524,1
1525,0
1526,0
1527,0
1528,0
1529,1
1530,0
1531,1
1532,0
1533,0
1534,0
1535,1
1536,0
1537,0
1538,0
1539,0
1540,0
1541,0
1542,0
1543,1
1544,1
1545,0
1546,0
1547,1
1548,0
1549,1
1550,1
1551,1
1552,1
1553,1
1554,1
1555,1
1556,0
1557,0
1558,0
1559,1
1560,1
1561,1
1562,1
1563,0
1564,0
1565,0
1566,0
1567,1
1568,1
1569,1
1570,1
1571,1
1572,1
1573,1
1574,0
1575,0
1576,1
1577,0
1578,1
1579,0
1580,0
1581,0
1582,1
1583,0
1584,0
1585,1
1586,1
1587,1
1588,1
1589,0
1590,0
1591,1
1592,0
1593,1
1594,0
1595,0
1596,0
1597,1
1598,1
1599,1
1600,0
1601,1
1602,1
1603,1
1604,0
1605,0
1606,0
1607,1
1608,0
1609,1
1610,0
1611,0
1612,0
1613,1
1614,0
1615,0
1616,0
1617,0
1618,0
1619,0
1620,0
1621,1
1622,0
1623,1
1624,1
1625,1
1626,0
1627,1
1628,0
1629,1
1630,1
1631,0
1632,0
1633,1
1634,0
1635,0
1636,1
1637,0
1638,0
1639,0
1640,1
1641,0
1642,0
1643,0
1644,1
1645,0
1646,0
1647,1
1648,0
1649,0
1650,1
1651,0
1652,1
1653,1
1654,1
1655,1
1656,0
1657,0
1658,0
1659,0
1660,0
1661,0
1662,0
1663,0
1664,1
1665,0
1666,1
1667,1
1668,1
1669,0
1670,0
1671,0
1672,0
1673,0
1674,0
1675,1
1676,0
1677,0
1678,0
1679,0
1680,0
1681,0
1682,1
1683,0
1684,1
1685,0
1686,0
1687,1
1688,0
1689,0
1690,1
1691,1
1692,1
1693,0
1694,1
1695,0
1696,0
1697,0
1698,0
1699,0
1700,1
1701,1
1702,0
1703,1
1704,1
1705,0
1706,1
1707,1
1708,1
1709,0
1710,0
1711,0
1712,0
1713,1
1714,0
1715,0
1716,1
1717,1
1718,1
1719,0
1720,1
1721,0
1722,1
1723,1
1724,0
1725,0
1726,0
1727,0
1728,0
1729,0
1730,1
1731,0
1732,0
1733,0
1734,0
1735,0
1736,0
1737,1
1738,0
1739,0
1740,0
1741,0
1742,0
1743,0
1744,0
1745,1
1746,1
1747,0
1748,0
1749,1
1750,0
1751,0
1752,1
1753,1
1754,1
1755,1
1756,1
1757,0
1758,1
1759,1
1760,1
1761,0
1762,0
1763,1
1764,0
1765,0
1766,1
1767,1
1768,1
1769,0
1770,0
1771,0
1772,0
1773,0
1774,0
1775,0
1776,1
1777,0
1778,0
1779,1
1780,1
1781,1
1782,1
1783,1
1784,1
1785,1
1786,0
1787,0
1788,1
1789,0
1790,1
1791,0
1792,0
1793,0
1794,1
1795,0
1796,1
1797,0
1798,1
1799,1
1800,1
1801,0
1802,1
1803,1
1804,0
1805,0
1806,0
1807,0
1808,0
1809,1
1810,0
1811,0
1812,0
1813,1
1814,0
1815,0
1816,0
1817,1
1818,1
1819,1
1820,0
1821,1
1822,1
1823,0
1824,1
1825,0
1826,0
1827,1
1828,0
1829,0
1830,0
1831,1
1832,0
1833,0
1834,0
1835,0
1836,1
1837,1
1838,0
1839,1
1840,0
1841,0
1842,1
1843,1
1844,0
1845,1
1846,0
1847,1
1848,0
1849,1
1850,0
1851,0
1852,1
1853,0
1854,0
1855,0
1856,1
1857,1
1858,0
1859,0
1860,1
1861,0
1862,0
1863,0
1864,1
1865,0
1866,0
1867,0
1868,0
1869,1
1870,1
1871,0
1872,0
1873,0
1874,1
1875,0
1876,0
1877,1
1878,1
1879,0
1880,0
1881,0
1882,0
1883,1
1884,0
1885,1
1886,1
1887,0
1888,1
1889,1
1890,0
1891,1
1892,0
1893,0
1894,0
1895,0
1896,0
1897,1
1898,1
1899,0
1900,1
1901,1
1902,1
1903,1
1904,0
1905,1
1906,0
1907,0
1908,0
1909,1
1910,0
1911,1
1912,1
1913,1
1914,0
1915,0
1916,0
1917,0
1918,1
1919,0
1920,0
1921,0
1922,0
1923,0
1924,0
1925,0
1926,0
1927,1
1928,0
1929,0
1930,1
1931,1
1932,0
1933,0
1934,1
1935,0
1936,1
1937,0
1938,1
1939,0
1940,1
1941,0
1942,0
1943,0
1944,1
1945,1
1946,0
1947,0
1948,1
1949,1
1950,0
1951,1
1952,0
1953,1
1954,1
1955,1
1956,0
1957,1
1958,1
1959,0
1960,1
1961,1
1962,0
1963,1
1964,0
1965,1
1966,1
1967,1
1968,1
1969,1
1970,0
1971,0
1972,0
1973,0
1974,1
1975,0
1976,0
1977,0
1978,1
1979,0
1980,1
1981,0
1982,1
1983,0
1984,1
1985,0
1986,0
1987,1
1988,1
1989,0
1990,0
1991,1
1992,0
1993,0
1994,0
1995,0
1996,0
1997,1
1998,0
1999,1
2000,0
2001,0
2002,0
2003,1
2004,0
2005,0
2006,0
2007,1
2008,0
2009,1
2010,1
2011,0
2012,1
2013,1
2014,0
2015,0
2016,0
2017,0
2018,0
2019,1
2020,0
2021,0
2022,1
2023,0
2024,1
2025,0
2026,0
2027,0
2028,0
2029,1
2030,1
2031,1
2032,0
2033,0
2034,1
2035,0
2036,1
2037,0
2038,0
2039,1
2040,1
2041,1
2042,0
2043,0
2044,1
2045,0
2046,0
2047,0
2048,0
2049,0
2050,0
2051,0
2052,0
2053,0
2054,1
2055,1
2056,0
2057,1
2058,1
2059,0
2060,0
2061,0
2062,0
2063,1
2064,1
2065,0
2066,0
2067,0
2068,0
2069,1
2070,1
2071,1
2072,1
2073,1
2074,1
2075,0
2076,0
2077,0
2078,1
2079,0
2080,0
2081,1
2082,1
2083,1
2084,0
2085,0
2086,1
2087,1
2088,1
2089,0
2090,0
2091,0
2092,0
2093,1
2094,1
2095,1
2096,0
2097,0
2098,0
2099,0
2100,0
2101,0
2102,1
2103,0
2104,0
2105,0
2106,1
2107,1
2108,1
2109,0
2110,0
2111,0
2112,0
2113,1
2114,1
2115,0
2116,0
2117,0
2118,0
2119,0
2120,0
2121,0
2122,0
2123,1
2124,1
2125,0
2126,0
2127,0
2128,1
2129,0
2130,0
2131,1
2132,1
2133,0
2134,1
2135,1
2136,1
2137,0
2138,0
2139,0
2140,0
2141,1
2142,1
2143,0
2144,1
2145,0
2146,1
2147,0
2148,0
2149,1
2150,0
2151,1
2152,0
2153,1
2154,0
2155,1
2156,0
2157,1
2158,1
2159,1
2160,0
2161,1
2162,1
2163,0
2164,0
2165,1
2166,0
2167,0
2168,1
2169,0
2170,1
2171,0
2172,0
2173,1
2174,0
2175,0
2176,1
2177,0
2178,0
2179,1
2180,0
2181,1
2182,1
2183,1
2184,1
2185,1
2186,1
2187,0
2188,0
2189,0
2190,1
2191,0
2192,0
2193,0
2194,0
2195,0
2196,1
2197,1
2198,0
2199,0
2200,1
2201,0
2202,1
2203,0
2204,0
2205,0
2206,0
2207,1
2208,0
2209,1
2210,0
2211,0
2212,0
2213,0
2214,0
2215,0
2216,1
2217,0
2218,0
2219,0
2220,0
2221,0
2222,0
2223,0
2224,1
2225,1
2226,0
2227,1
2228,0
2229,1
2230,1
2231,0
2232,1
2233,0
2234,0
2235,0
2236,1
2237,1
2238,1
2239,0
2240,0
2241,0
2242,1
2243,1
2244,0
2245,0
2246,1
2247,0
2248,0
2249,1
2250,1
2251,1
2252,0
2253,0
2254,0
2255,1
2256,0
2257,0
2258,1
2259,0
2260,1
2261,0
2262,0
2263,1
2264,0
2265,1
2266,1
2267,0
2268,1
2269,1
2270,1
2271,1
2272,0
2273,1
2274,1
2275,0
2276,1
2277,0
2278,0
2279,0
2280,1
2281,1
2282,1
2283,0
2284,0
2285,1
2286,0
2287,0
2288,1
2289,1
2290,0
2291,0
2292,1
2293,1
2294,1
2295,1
2296,0
2297,1
2298,0
2299,1
2300,1
2301,0
2302,1
2303,1
2304,1
2305,1
2306,1
2307,0
2308,0
2309,0
2310,1
2311,0
2312,1
2313,0
2314,0
2315,0
2316,1
2317,0
2318,0
2319,1
2320,0
2321,0
2322,1
2323,1
2324,1
2325,1
2326,0
2327,1
2328,0
2329,1
2330,0
2331,0
2332,1
2333,0
2334,1
2335,0
2336,1
2337,0
2338,0
2339,1
2340,0
2341,0
2342,0
2343,0
2344,1
2345,1
2346,0
2347,0
2348,0
2349,0
2350,0
2351,0
2352,1
2353,0
2354,1
2355,0
2356,1
2357,0
2358,0
2359,0
2360,1
2361,1
2362,0
2363,0
2364,0
2365,0
2366,1
2367,1
2368,0
2369,0
2370,0
2371,0
2372,0
2373,0
2374,1
2375,1
2376,1
2377,0
2378,0
2379,0
2380,1
2381,0
2382,1
2383,1
2384,1
2385,0
2386,0
2387,0
2388,0
2389,0
2390,0
2391,0
2392,0
2393,0
2394,1
2395,1
2396,0
2397,0
2398,0
2399,1
2400,0
2401,0
2402,0
2403,1
2404,1
2405,1
2406,1
2407,0
2408,1
2409,0
2410,0
2411,1
2412,1
2413,0
2414,1
2415,0
2416,1
2417,1
2418,1
2419,0
2420,1
2421,0
2422,0
2423,1
2424,1
2425,0
2426,0
2427,0
2428,0
2429,0
2430,0
2431,1
2432,0
2433,0
2434,0
2435,1
2436,0
2437,1
2438,1
2439,0
2440,1
2441,0
2442,0
2443,1
2444,1
2445,0
2446,0
2447,0
2448,1
2449,0
2450,0
2451,1
2452,0
2453,0
2454,1
2455,0
2456,0
2457,1
2458,1
2459,0
2460,0
2461,0
2462,0
2463,1
2464,0
2465,0
2466,0
2467,0
2468,1
2469,0
2470,1
2471,0
2472,0
2473,0
2474,0
2475,0
2476,0
2477,0
2478,0
2479,0
2480,0
2481,1
2482,0
2483,1
2484,0
2485,0
2486,0
2487,1
2488,1
2489,1
2490,0
2491,0
2492,0
2493,0
2494,0
2495,1
2496,0
2497,0
2498,0
2499,0
2500,1
2501,0
2502,0
2503,0
2504,0
2505,1
2506,1
2507,0
2508,0
2509,0
2510,1
2511,0
2512,1
2513,1
2514,1
2515,0
2516,1
2517,1
2518,1
2519,0
2520,0
2521,0
2522,1
2523,1
2524,1
2525,0
2526,0
2527,1
2528,1
2529,0
2530,1
2531,0
2532,0
2533,1
2534,0
2535,0
2536,1
2537,0
2538,0
2539,1
2540,1
2541,1
2542,1
2543,1
2544,1
2545,0
2546,0
2547,0
2548,0
2549,0
2550,1
2551,0
2552,0
2553,0
2554,0
2555,0
2556,1
2557,0
2558,0
2559,1
2560,0
2561,1
2562,1
2563,0
2564,0
2565,0
2566,1
2567,1
2568,1
2569,0
2570,0
2571,0
2572,0
2573,0
2574,0
2575,1
2576,1
2577,0
2578,0
2579,1
2580,0
2581,1
2582,1
2583,1
2584,0
2585,0
2586,0
2587,0
2588,1
2589,1
2590,0
2591,0
2592,0
2593,1
2594,0
2595,1
2596,1
2597,0
2598,0
2599,1
2600,0
2601,0
2602,1
2603,0
2604,1
2605,1
2606,1
2607,0
2608,0
2609,1
2610,0
2611,1
2612,0
2613,0
2614,1
2615,0
2616,1
2617,1
2618,1
2619,1
2620,0
2621,1
2622,0
2623,1
2624,0
2625,0
2626,1
2627,0
2628,0
2629,0
2630,1
2631,1
2632,1
2633,1
2634,1
2635,0
2636,0
2637,0
2638,1
2639,1
2640,1
2641,1
2642,0
2643,1
2644,1
2645,0
2646,1
2647,0
2648,1
2649,0
2650,0
2651,1
2652,0
2653,1
2654,0
2655,1
2656,1
2657,1
2658,0
2659,1
2660,1
2661,1
2662,0
2663,1
2664,0
2665,0
2666,0
2667,0
2668,0
2669,0
2670,1
2671,1
2672,0
2673,1
2674,1
2675,0
2676,0
2677,0
2678,0
2679,0
2680,0
2681,0
2682,0
2683,1
2684,1
2685,0
2686,0
2687,0
2688,0
2689,1
2690,0
2691,0
2692,1
2693,0
2694,0
2695,0
2696,1
2697,1
2698,1
2699,0
2700,0
2701,1
2702,0
2703,0
2704,0
2705,0
2706,0
2707,1
2708,0
2709,0
2710,1
2711,1
2712,1
2713,1
2714,1
2715,1
2716,0
2717,0
2718,1
2719,1
2720,0
2721,1
2722,1
2723,0
2724,1
2725,0
2726,0
2727,0
2728,1
2729,1
2730,1
2731,0
2732,1
2733,0
2734,0
2735,1
2736,0
2737,1
2738,0
2739,0
2740,1
2741,0
2742,0
2743,0
2744,1
2745,0
2746,1
2747,0
2748,0
2749,1
2750,0
2751,1
2752,0
2753,0
2754,1
2755,1
2756,1
2757,1
2758,1
2759,1
2760,0
2761,1
2762,0
2763,0
2764,0
2765,0
2766,1
2767,0
2768,0
2769,1
2770,0
2771,1
2772,1
2773,1
2774,0
2775,0
2776,0
2777,0
2778,1
2779,0
2780,1
2781,0
2782,0
2783,1
2784,0
2785,0
2786,1
2787,1
2788,1
2789,1
2790,1
2791,1
2792,0
2793,1
2794,1
2795,1
2796,1
2797,1
2798,0
2799,1
2800,0
2801,0
2802,1
2803,1
2804,0
2805,0
2806,0
2807,0
2808,0
2809,0
2810,0
2811,0
2812,0
2813,0
2814,0
2815,0
2816,0
2817,0
2818,1
2819,0
2820,1
2821,0
2822,0
2823,0
2824,1
2825,1
2826,1
2827,0
2828,0
2829,1
2830,1
2831,0
2832,1
2833,1
2834,1
2835,0
2836,0
2837,1
2838,0
2839,1
2840,0
2841,1
2842,1
2843,0
2844,0
2845,1
2846,1
2847,1
2848,0
2849,0
2850,0
2851,0
2852,1
2853,1
2854,1
2855,0
2856,1
2857,0
2858,1
2859,0
2860,1
2861,0
2862,0
2863,0
2864,0
2865,0
2866,0
2867,1
2868,0
2869,0
2870,1
2871,0
2872,0
2873,1
2874,1
2875,0
2876,1
2877,0
2878,1
2879,1
2880,0
2881,0
2882,0
2883,0
2884,0
2885,0
2886,0
2887,1
2888,0
2889,1
2890,1
2891,1
2892,1
2893,0
2894,1
2895,1
2896,1
2897,0
2898,0
2899,1
2900,0
2901,0
2902,1
2903,0
2904,1
2905,1
2906,1
2907,0
2908,0
2909,1
2910,0
2911,0
2912,0
2913,0
2914,0
2915,1
2916,1
2917,0
2918,0
2919,0
2920,0
2921,0
2922,0
2923,1
2924,1
2925,0
2926,0
2927,0
2928,1
2929,0
2930,1
2931,0
2932,1
2933,0
2934,0
2935,0
2936,0
2937,0
2938,1
2939,0
2940,0
2941,0
2942,0
2943,0
2944,0
2945,1
2946,0
2947,0
2948,1
2949,0
2950,0
2951,0
2952,0
2953,0
2954,0
2955,1
2956,0
2957,0
2958,1
2959,0
2960,0
2961,0
2962,0
2963,1
2964,0
2965,1
2966,0
2967,1
2968,1
2969,1
2970,0
2971,0
2972,1
2973,1
2974,1
2975,0
2976,1
2977,0
2978,1
2979,0
2980,0
2981,1
2982,1
2983,1
2984,0
2985,1
2986,1
2987,1
2988,0
2989,1
2990,0
2991,1
2992,1
2993,0
2994,0
2995,0
2996,0
2997,1
2998,0
2999,0
