,ot-ANN-236
0,1
1,0
2,1
3,0
4,0
5,1
6,1
7,1
8,1
9,0
10,1
11,1
12,0
13,0
14,0
15,1
16,1
17,0
18,0
19,1
20,1
21,0
22,1
23,0
24,1
25,0
26,0
27,1
28,1
29,1
30,1
31,0
32,1
33,1
34,1
35,0
36,1
37,0
38,1
39,1
40,0
41,0
42,0
43,1
44,0
45,1
46,0
47,0
48,1
49,0
50,1
51,1
52,0
53,1
54,0
55,1
56,0
57,1
58,1
59,0
60,0
61,0
62,0
63,1
64,0
65,0
66,1
67,0
68,0
69,0
70,0
71,0
72,1
73,0
74,0
75,1
76,1
77,1
78,1
79,0
80,1
81,0
82,0
83,1
84,0
85,0
86,1
87,0
88,1
89,1
90,0
91,0
92,0
93,1
94,0
95,1
96,1
97,1
98,0
99,0
100,1
101,1
102,1
103,0
104,1
105,0
106,1
107,0
108,0
109,0
110,1
111,0
112,0
113,0
114,0
115,1
116,0
117,1
118,1
119,1
120,0
121,1
122,0
123,0
124,1
125,0
126,0
127,0
128,0
129,0
130,0
131,0
132,0
133,0
134,0
135,0
136,0
137,0
138,0
139,0
140,0
141,0
142,1
143,0
144,1
145,0
146,1
147,0
148,0
149,1
150,1
151,1
152,1
153,0
154,1
155,1
156,1
157,1
158,0
159,0
160,0
161,1
162,1
163,1
164,0
165,1
166,0
167,0
168,0
169,1
170,1
171,0
172,1
173,0
174,1
175,1
176,0
177,1
178,0
179,1
180,0
181,0
182,0
183,0
184,0
185,0
186,0
187,1
188,1
189,0
190,1
191,0
192,1
193,1
194,0
195,1
196,1
197,1
198,0
199,0
200,1
201,0
202,0
203,0
204,1
205,1
206,1
207,1
208,1
209,0
210,0
211,1
212,0
213,1
214,0
215,1
216,0
217,1
218,1
219,1
220,1
221,0
222,1
223,1
224,0
225,1
226,0
227,0
228,1
229,0
230,1
231,0
232,1
233,1
234,0
235,1
236,1
237,0
238,1
239,0
240,0
241,0
242,1
243,0
244,1
245,0
246,0
247,0
248,1
249,0
250,0
251,1
252,1
253,1
254,1
255,0
256,1
257,1
258,0
259,0
260,0
261,0
262,0
263,0
264,1
265,1
266,1
267,0
268,1
269,1
270,1
271,1
272,1
273,1
274,0
275,0
276,1
277,1
278,0
279,0
280,0
281,1
282,1
283,0
284,0
285,0
286,0
287,0
288,0
289,0
290,0
291,1
292,0
293,1
294,0
295,1
296,1
297,0
298,0
299,0
300,1
301,1
302,1
303,0
304,1
305,1
306,0
307,0
308,1
309,1
310,0
311,1
312,0
313,1
314,1
315,0
316,0
317,1
318,1
319,0
320,0
321,0
322,0
323,1
324,0
325,0
326,1
327,1
328,0
329,0
330,0
331,1
332,1
333,0
334,1
335,0
336,1
337,1
338,1
339,0
340,1
341,0
342,1
343,0
344,1
345,1
346,0
347,0
348,1
349,1
350,1
351,0
352,1
353,0
354,0
355,0
356,0
357,1
358,1
359,1
360,0
361,0
362,0
363,0
364,1
365,0
366,0
367,1
368,1
369,1
370,0
371,1
372,0
373,0
374,1
375,1
376,0
377,0
378,0
379,0
380,1
381,0
382,1
383,1
384,1
385,1
386,1
387,0
388,0
389,1
390,1
391,0
392,1
393,0
394,0
395,1
396,1
397,0
398,1
399,0
400,1
401,0
402,0
403,1
404,0
405,0
406,0
407,1
408,1
409,0
410,1
411,1
412,1
413,0
414,0
415,0
416,1
417,1
418,1
419,1
420,1
421,0
422,0
423,0
424,0
425,0
426,1
427,0
428,1
429,1
430,1
431,1
432,1
433,0
434,1
435,0
436,1
437,0
438,1
439,1
440,1
441,1
442,1
443,1
444,0
445,1
446,0
447,0
448,0
449,0
450,1
451,1
452,1
453,1
454,1
455,1
456,1
457,0
458,1
459,1
460,0
461,1
462,1
463,0
464,1
465,1
466,0
467,1
468,1
469,1
470,1
471,0
472,1
473,1
474,0
475,0
476,1
477,1
478,0
479,1
480,0
481,1
482,1
483,1
484,0
485,0
486,1
487,1
488,1
489,1
490,1
491,0
492,0
493,1
494,1
495,1
496,0
497,1
498,0
499,1
500,0
501,0
502,1
503,1
504,0
505,0
506,0
507,1
508,1
509,0
510,1
511,1
512,1
513,0
514,1
515,1
516,0
517,0
518,1
519,1
520,1
521,0
522,1
523,1
524,1
525,0
526,1
527,0
528,1
529,1
530,1
531,1
532,1
533,0
534,1
535,0
536,1
537,1
538,0
539,0
540,1
541,0
542,0
543,0
544,0
545,0
546,1
547,0
548,1
549,0
550,1
551,0
552,0
553,1
554,0
555,1
556,1
557,0
558,0
559,1
560,1
561,1
562,1
563,0
564,0
565,0
566,1
567,1
568,1
569,0
570,0
571,1
572,1
573,1
574,0
575,0
576,1
577,1
578,0
579,1
580,0
581,0
582,0
583,1
584,1
585,0
586,1
587,1
588,1
589,1
590,0
591,0
592,1
593,0
594,0
595,1
596,0
597,0
598,1
599,0
600,1
601,1
602,0
603,0
604,1
605,1
606,0
607,1
608,0
609,0
610,1
611,0
612,1
613,0
614,1
615,0
616,0
617,1
618,1
619,0
620,1
621,1
622,0
623,0
624,0
625,0
626,1
627,1
628,0
629,0
630,0
631,0
632,0
633,0
634,1
635,0
636,1
637,1
638,1
639,1
640,1
641,1
642,0
643,1
644,1
645,0
646,0
647,1
648,0
649,1
650,1
651,0
652,1
653,1
654,1
655,0
656,0
657,0
658,0
659,0
660,0
661,0
662,1
663,1
664,0
665,1
666,1
667,0
668,1
669,0
670,1
671,1
672,0
673,0
674,0
675,1
676,0
677,1
678,0
679,0
680,0
681,0
682,1
683,0
684,0
685,1
686,1
687,1
688,0
689,0
690,0
691,1
692,0
693,0
694,0
695,1
696,0
697,1
698,0
699,1
700,1
701,1
702,0
703,1
704,0
705,1
706,0
707,0
708,0
709,0
710,1
711,1
712,1
713,1
714,0
715,1
716,1
717,1
718,1
719,1
720,0
721,1
722,1
723,0
724,0
725,1
726,0
727,0
728,1
729,1
730,1
731,1
732,1
733,0
734,0
735,0
736,1
737,0
738,1
739,1
740,0
741,1
742,1
743,0
744,0
745,0
746,0
747,0
748,0
749,0
750,0
751,0
752,1
753,1
754,1
755,1
756,0
757,1
758,1
759,0
760,1
761,0
762,1
763,1
764,0
765,1
766,0
767,0
768,0
769,0
770,0
771,0
772,0
773,1
774,0
775,0
776,0
777,0
778,0
779,0
780,1
781,1
782,0
783,1
784,0
785,0
786,1
787,0
788,1
789,1
790,1
791,1
792,0
793,0
794,0
795,0
796,1
797,1
798,0
799,0
800,0
801,1
802,0
803,0
804,1
805,0
806,0
807,0
808,1
809,1
810,1
811,1
812,0
813,1
814,0
815,0
816,1
817,0
818,0
819,0
820,1
821,1
822,1
823,0
824,0
825,0
826,0
827,0
828,0
829,0
830,0
831,0
832,1
833,0
834,0
835,0
836,1
837,1
838,0
839,1
840,0
841,0
842,0
843,0
844,1
845,0
846,0
847,1
848,0
849,0
850,1
851,1
852,0
853,1
854,0
855,0
856,1
857,0
858,1
859,0
860,0
861,0
862,0
863,0
864,0
865,1
866,1
867,0
868,0
869,1
870,1
871,1
872,1
873,1
874,0
875,0
876,0
877,1
878,1
879,1
880,0
881,0
882,1
883,1
884,0
885,0
886,0
887,1
888,1
889,1
890,0
891,0
892,1
893,1
894,1
895,1
896,0
897,1
898,1
899,1
900,1
901,1
902,0
903,1
904,1
905,0
906,0
907,1
908,1
909,0
910,1
911,0
912,1
913,1
914,1
915,1
916,0
917,0
918,0
919,1
920,1
921,1
922,0
923,1
924,1
925,1
926,1
927,1
928,0
929,0
930,0
931,1
932,1
933,1
934,0
935,1
936,0
937,0
938,0
939,1
940,0
941,0
942,0
943,1
944,1
945,1
946,1
947,1
948,0
949,0
950,0
951,0
952,0
953,1
954,0
955,0
956,0
957,1
958,1
959,0
960,0
961,1
962,1
963,0
964,0
965,0
966,0
967,0
968,0
969,1
970,1
971,0
972,1
973,1
974,1
975,1
976,1
977,0
978,0
979,1
980,0
981,1
982,1
983,0
984,1
985,0
986,0
987,1
988,0
989,0
990,0
991,0
992,1
993,1
994,1
995,0
996,1
997,1
998,0
999,0
1000,1
1001,0
1002,1
1003,0
1004,0
1005,1
1006,0
1007,0
1008,0
1009,0
1010,0
1011,0
1012,0
1013,1
1014,1
1015,0
1016,1
1017,0
1018,0
1019,0
1020,0
1021,1
1022,1
1023,1
1024,0
1025,1
1026,0
1027,0
1028,1
1029,1
1030,1
1031,1
1032,0
1033,1
1034,1
1035,1
1036,0
1037,0
1038,1
1039,0
1040,0
1041,0
1042,1
1043,0
1044,1
1045,0
1046,1
1047,1
1048,0
1049,1
1050,0
1051,0
1052,1
1053,0
1054,0
1055,1
1056,1
1057,0
1058,1
1059,1
1060,1
1061,1
1062,0
1063,1
1064,0
1065,1
1066,0
1067,0
1068,1
1069,1
1070,1
1071,0
1072,1
1073,1
1074,0
1075,1
1076,0
1077,1
1078,1
1079,0
1080,0
1081,1
1082,1
1083,0
1084,1
1085,1
1086,0
1087,0
1088,1
1089,1
1090,0
1091,1
1092,0
1093,0
1094,1
1095,1
1096,1
1097,1
1098,1
1099,1
1100,0
1101,1
1102,0
1103,1
1104,0
1105,1
1106,1
1107,0
1108,0
1109,1
1110,1
1111,1
1112,0
1113,1
1114,0
1115,1
1116,0
1117,1
1118,1
1119,1
1120,0
1121,0
1122,1
1123,0
1124,0
1125,1
1126,1
1127,0
1128,0
1129,0
1130,0
1131,0
1132,1
1133,1
1134,1
1135,0
1136,0
1137,1
1138,0
1139,0
1140,0
1141,1
1142,0
1143,0
1144,1
1145,1
1146,1
1147,0
1148,1
1149,0
1150,1
1151,0
1152,0
1153,1
1154,1
1155,0
1156,1
1157,1
1158,0
1159,0
1160,0
1161,0
1162,1
1163,0
1164,0
1165,0
1166,0
1167,0
1168,1
1169,1
1170,1
1171,0
1172,0
1173,1
1174,0
1175,0
1176,0
1177,1
1178,0
1179,0
1180,1
1181,0
1182,1
1183,1
1184,0
1185,0
1186,1
1187,0
1188,1
1189,1
1190,0
1191,0
1192,0
1193,0
1194,0
1195,1
1196,0
1197,0
1198,0
1199,0
1200,0
1201,0
1202,1
1203,0
1204,1
1205,0
1206,0
1207,0
1208,1
1209,1
1210,0
1211,1
1212,1
1213,0
1214,0
1215,0
1216,0
1217,1
1218,1
1219,1
1220,1
1221,1
1222,1
1223,0
1224,0
1225,0
1226,1
1227,1
1228,1
1229,1
1230,1
1231,0
1232,1
1233,0
1234,0
1235,1
1236,1
1237,0
1238,1
1239,1
1240,1
1241,1
1242,1
1243,1
1244,0
1245,1
1246,1
1247,0
1248,1
1249,1
1250,0
1251,0
1252,0
1253,1
1254,1
1255,0
1256,1
1257,1
1258,1
1259,0
1260,0
1261,1
1262,1
1263,0
1264,0
1265,1
1266,1
1267,1
1268,0
1269,1
1270,1
1271,0
1272,1
1273,0
1274,0
1275,0
1276,0
1277,0
1278,1
1279,0
1280,0
1281,0
1282,1
1283,0
1284,0
1285,0
1286,0
1287,1
1288,0
1289,0
1290,1
1291,1
1292,0
1293,0
1294,0
1295,1
1296,1
1297,0
1298,1
1299,1
1300,0
1301,0
1302,0
1303,1
1304,1
1305,0
1306,1
1307,0
1308,1
1309,1
1310,0
1311,1
1312,1
1313,0
1314,0
1315,0
1316,0
1317,1
1318,0
1319,1
1320,1
1321,1
1322,0
1323,0
1324,1
1325,0
1326,0
1327,0
1328,1
1329,0
1330,1
1331,1
1332,0
1333,0
1334,1
1335,1
1336,0
1337,0
1338,0
1339,1
1340,0
1341,0
1342,1
1343,0
1344,1
1345,1
1346,0
1347,1
1348,1
1349,1
1350,0
1351,0
1352,0
1353,1
1354,0
1355,1
1356,0
1357,1
1358,1
1359,1
1360,1
1361,0
1362,1
1363,0
1364,0
1365,1
1366,0
1367,1
1368,0
1369,1
1370,0
1371,0
1372,1
1373,1
1374,1
1375,1
1376,1
1377,1
1378,0
1379,0
1380,0
1381,0
1382,1
1383,0
1384,1
1385,0
1386,0
1387,0
1388,0
1389,1
1390,0
1391,0
1392,0
1393,0
1394,0
1395,0
1396,0
1397,1
1398,1
1399,1
1400,1
1401,0
1402,1
1403,1
1404,0
1405,1
1406,0
1407,1
1408,1
1409,0
1410,0
1411,0
1412,1
1413,1
1414,1
1415,0
1416,1
1417,0
1418,0
1419,1
1420,0
1421,1
1422,0
1423,0
1424,1
1425,1
1426,0
1427,1
1428,0
1429,0
1430,0
1431,0
1432,0
1433,1
1434,0
1435,0
1436,0
1437,1
1438,0
1439,1
1440,0
1441,1
1442,0
1443,1
1444,1
1445,0
1446,0
1447,1
1448,1
1449,0
1450,0
1451,1
1452,1
1453,1
1454,1
1455,1
1456,1
1457,1
1458,1
1459,1
1460,1
1461,0
1462,0
1463,1
1464,0
1465,0
1466,0
1467,1
1468,1
1469,0
1470,1
1471,0
1472,0
1473,0
1474,0
1475,0
1476,1
1477,0
1478,0
1479,1
1480,1
1481,0
1482,1
1483,1
1484,0
1485,0
1486,1
1487,1
1488,0
1489,1
1490,1
1491,1
1492,0
1493,1
1494,0
1495,1
1496,1
1497,1
1498,0
1499,0
1500,0
1501,0
1502,1
1503,1
1504,1
1505,1
1506,1
1507,0
1508,1
1509,0
1510,1
1511,0
1512,1
1513,0
1514,1
1515,1
1516,0
1517,0
1518,1
1519,0
1520,1
1521,1
1522,0
1523,1
1524,0
1525,0
1526,0
1527,0
1528,0
1529,1
1530,0
1531,1
1532,0
1533,0
1534,0
1535,1
1536,0
1537,0
1538,0
1539,0
1540,1
1541,0
1542,0
1543,0
1544,0
1545,0
1546,0
1547,0
1548,0
1549,0
1550,0
1551,0
1552,0
1553,0
1554,0
1555,1
1556,0
1557,1
1558,1
1559,1
1560,1
1561,0
1562,0
1563,0
1564,1
1565,0
1566,1
1567,1
1568,1
1569,1
1570,0
1571,1
1572,1
1573,0
1574,0
1575,0
1576,1
1577,1
1578,1
1579,1
1580,0
1581,0
1582,0
1583,1
1584,0
1585,0
1586,0
1587,0
1588,0
1589,1
1590,0
1591,1
1592,1
1593,1
1594,0
1595,0
1596,1
1597,0
1598,1
1599,1
1600,0
1601,1
1602,1
1603,1
1604,1
1605,1
1606,0
1607,0
1608,0
1609,0
1610,0
1611,0
1612,1
1613,0
1614,1
1615,1
1616,0
1617,0
1618,0
1619,0
1620,0
1621,0
1622,1
1623,0
1624,0
1625,0
1626,0
1627,1
1628,1
1629,0
1630,0
1631,1
1632,1
1633,0
1634,0
1635,0
1636,0
1637,1
1638,1
1639,1
1640,1
1641,1
1642,0
1643,0
1644,1
1645,0
1646,1
1647,1
1648,1
1649,1
1650,1
1651,0
1652,0
1653,1
1654,1
1655,0
1656,0
1657,0
1658,1
1659,0
1660,0
1661,1
1662,1
1663,1
1664,1
1665,0
1666,1
1667,1
1668,0
1669,1
1670,0
1671,0
1672,0
1673,0
1674,1
1675,0
1676,1
1677,1
1678,1
1679,0
1680,0
1681,0
1682,1
1683,0
1684,0
1685,0
1686,0
1687,0
1688,0
1689,1
1690,1
1691,0
1692,0
1693,0
1694,1
1695,0
1696,0
1697,1
1698,1
1699,0
1700,0
1701,1
1702,1
1703,0
1704,0
1705,1
1706,1
1707,0
1708,0
1709,0
1710,0
1711,0
1712,0
1713,1
1714,1
1715,1
1716,1
1717,1
1718,1
1719,1
1720,1
1721,0
1722,0
1723,0
1724,1
1725,0
1726,1
1727,0
1728,0
1729,0
1730,0
1731,0
1732,1
1733,0
1734,1
1735,0
1736,0
1737,0
1738,0
1739,0
1740,0
1741,1
1742,1
1743,0
1744,1
1745,1
1746,0
1747,1
1748,0
1749,0
1750,1
1751,0
1752,0
1753,1
1754,0
1755,0
1756,0
1757,1
1758,0
1759,1
1760,1
1761,1
1762,1
1763,1
1764,1
1765,1
1766,0
1767,0
1768,0
1769,1
1770,1
1771,1
1772,1
1773,0
1774,1
1775,1
1776,1
1777,0
1778,1
1779,1
1780,0
1781,1
1782,0
1783,1
1784,1
1785,0
1786,1
1787,0
1788,1
1789,1
1790,0
1791,1
1792,0
1793,0
1794,1
1795,1
1796,1
1797,1
1798,0
1799,0
1800,0
1801,0
1802,0
1803,0
1804,0
1805,1
1806,1
1807,0
1808,1
1809,1
1810,0
1811,0
1812,1
1813,1
1814,0
1815,0
1816,1
1817,0
1818,0
1819,0
1820,0
1821,0
1822,1
1823,1
1824,1
1825,1
1826,0
1827,0
1828,1
1829,0
1830,1
1831,0
1832,0
1833,0
1834,0
1835,0
1836,1
1837,0
1838,0
1839,1
1840,1
1841,1
1842,0
1843,1
1844,0
1845,1
1846,0
1847,0
1848,0
1849,0
1850,1
1851,1
1852,0
1853,0
1854,1
1855,0
1856,0
1857,0
1858,0
1859,0
1860,1
1861,0
1862,1
1863,0
1864,0
1865,1
1866,0
1867,1
1868,0
1869,0
1870,0
1871,0
1872,0
1873,1
1874,0
1875,1
1876,1
1877,0
1878,1
1879,0
1880,1
1881,1
1882,1
1883,0
1884,1
1885,0
1886,1
1887,1
1888,0
1889,0
1890,1
1891,1
1892,1
1893,0
1894,0
1895,0
1896,0
1897,0
1898,1
1899,0
1900,1
1901,1
1902,1
1903,1
1904,1
1905,1
1906,0
1907,0
1908,1
1909,1
1910,1
1911,1
1912,0
1913,0
1914,1
1915,0
1916,0
1917,1
1918,0
1919,0
1920,0
1921,0
1922,0
1923,0
1924,1
1925,0
1926,1
1927,0
1928,1
1929,1
1930,0
1931,0
1932,1
1933,0
1934,0
1935,0
1936,1
1937,0
1938,0
1939,0
1940,1
1941,0
1942,0
1943,1
1944,1
1945,0
1946,1
1947,0
1948,1
1949,0
1950,1
1951,0
1952,1
1953,1
1954,1
1955,1
1956,0
1957,0
1958,1
1959,1
1960,0
1961,0
1962,1
1963,0
1964,1
1965,1
1966,1
1967,1
1968,0
1969,1
1970,0
1971,1
1972,0
1973,0
1974,1
1975,1
1976,1
1977,1
1978,0
1979,0
1980,0
1981,0
1982,1
1983,1
1984,1
1985,1
1986,0
1987,0
1988,1
1989,0
1990,0
1991,1
1992,1
1993,0
1994,0
1995,0
1996,0
1997,1
1998,1
1999,1
2000,1
2001,1
2002,1
2003,0
2004,1
2005,0
2006,0
2007,1
2008,0
2009,0
2010,0
2011,0
2012,1
2013,0
2014,1
2015,1
2016,0
2017,0
2018,1
2019,0
2020,1
2021,1
2022,0
2023,0
2024,0
2025,0
2026,0
2027,1
2028,1
2029,1
2030,1
2031,0
2032,1
2033,1
2034,1
2035,0
2036,1
2037,1
2038,0
2039,0
2040,1
2041,0
2042,1
2043,0
2044,0
2045,0
2046,0
2047,0
2048,0
2049,0
2050,1
2051,1
2052,0
2053,1
2054,0
2055,1
2056,0
2057,1
2058,0
2059,0
2060,1
2061,1
2062,0
2063,1
2064,1
2065,0
2066,0
2067,1
2068,0
2069,0
2070,1
2071,1
2072,1
2073,1
2074,0
2075,0
2076,0
2077,0
2078,0
2079,0
2080,0
2081,1
2082,0
2083,0
2084,0
2085,1
2086,0
2087,1
2088,1
2089,1
2090,0
2091,0
2092,0
2093,1
2094,0
2095,1
2096,1
2097,0
2098,1
2099,1
2100,1
2101,1
2102,1
2103,1
2104,0
2105,0
2106,0
2107,0
2108,0
2109,0
2110,0
2111,0
2112,1
2113,0
2114,0
2115,0
2116,0
2117,1
2118,0
2119,0
2120,1
2121,0
2122,1
2123,0
2124,0
2125,0
2126,0
2127,1
2128,0
2129,0
2130,1
2131,0
2132,0
2133,1
2134,0
2135,0
2136,1
2137,1
2138,0
2139,1
2140,0
2141,0
2142,1
2143,0
2144,0
2145,1
2146,1
2147,0
2148,1
2149,1
2150,1
2151,0
2152,1
2153,0
2154,0
2155,1
2156,1
2157,1
2158,1
2159,1
2160,1
2161,0
2162,0
2163,1
2164,0
2165,1
2166,0
2167,0
2168,1
2169,1
2170,1
2171,0
2172,1
2173,1
2174,1
2175,1
2176,0
2177,1
2178,1
2179,1
2180,1
2181,0
2182,0
2183,0
2184,0
2185,0
2186,1
2187,1
2188,1
2189,0
2190,1
2191,1
2192,0
2193,0
2194,1
2195,0
2196,0
2197,0
2198,1
2199,1
2200,0
2201,0
2202,0
2203,1
2204,1
2205,0
2206,1
2207,0
2208,0
2209,1
2210,0
2211,0
2212,0
2213,1
2214,0
2215,0
2216,1
2217,0
2218,0
2219,1
2220,0
2221,0
2222,0
2223,1
2224,0
2225,0
2226,1
2227,1
2228,0
2229,1
2230,1
2231,1
2232,0
2233,0
2234,1
2235,0
2236,0
2237,0
2238,1
2239,0
2240,1
2241,0
2242,0
2243,1
2244,1
2245,1
2246,0
2247,1
2248,1
2249,0
2250,0
2251,1
2252,1
2253,0
2254,1
2255,0
2256,1
2257,1
2258,0
2259,0
2260,1
2261,0
2262,1
2263,1
2264,1
2265,1
2266,1
2267,0
2268,1
2269,0
2270,0
2271,0
2272,1
2273,1
2274,0
2275,0
2276,1
2277,1
2278,0
2279,1
2280,0
2281,1
2282,1
2283,0
2284,0
2285,0
2286,0
2287,0
2288,0
2289,0
2290,0
2291,1
2292,0
2293,0
2294,1
2295,1
2296,0
2297,1
2298,0
2299,1
2300,1
2301,1
2302,0
2303,0
2304,1
2305,0
2306,0
2307,1
2308,1
2309,0
2310,1
2311,0
2312,1
2313,1
2314,0
2315,0
2316,0
2317,1
2318,1
2319,1
2320,0
2321,0
2322,0
2323,0
2324,0
2325,1
2326,0
2327,0
2328,1
2329,1
2330,0
2331,1
2332,0
2333,1
2334,0
2335,1
2336,1
2337,0
2338,1
2339,0
2340,0
2341,1
2342,0
2343,1
2344,0
2345,0
2346,1
2347,0
2348,0
2349,0
2350,1
2351,0
2352,1
2353,0
2354,1
2355,0
2356,0
2357,1
2358,0
2359,0
2360,0
2361,0
2362,0
2363,1
2364,1
2365,0
2366,0
2367,1
2368,0
2369,1
2370,0
2371,1
2372,1
2373,0
2374,1
2375,0
2376,0
2377,1
2378,0
2379,1
2380,0
2381,1
2382,0
2383,1
2384,1
2385,0
2386,0
2387,0
2388,0
2389,0
2390,0
2391,1
2392,0
2393,1
2394,0
2395,0
2396,1
2397,0
2398,0
2399,1
2400,0
2401,0
2402,1
2403,1
2404,1
2405,0
2406,1
2407,0
2408,0
2409,0
2410,1
2411,0
2412,0
2413,0
2414,0
2415,1
2416,0
2417,0
2418,0
2419,0
2420,0
2421,1
2422,1
2423,1
2424,0
2425,1
2426,0
2427,1
2428,1
2429,0
2430,0
2431,0
2432,0
2433,0
2434,0
2435,0
2436,1
2437,0
2438,0
2439,1
2440,0
2441,0
2442,1
2443,1
2444,0
2445,0
2446,0
2447,0
2448,1
2449,1
2450,0
2451,1
2452,0
2453,0
2454,0
2455,1
2456,1
2457,0
2458,0
2459,0
2460,1
2461,1
2462,1
2463,1
2464,1
2465,1
2466,0
2467,1
2468,0
2469,1
2470,1
2471,1
2472,1
2473,1
2474,0
2475,0
2476,0
2477,1
2478,0
2479,1
2480,1
2481,1
2482,0
2483,0
2484,1
2485,0
2486,1
2487,0
2488,0
2489,1
2490,0
2491,1
2492,1
2493,1
2494,0
2495,0
2496,1
2497,0
2498,0
2499,1
2500,1
2501,0
2502,1
2503,0
2504,1
2505,0
2506,1
2507,1
2508,1
2509,1
2510,0
2511,0
2512,1
2513,1
2514,1
2515,1
2516,1
2517,0
2518,1
2519,0
2520,1
2521,1
2522,1
2523,1
2524,1
2525,0
2526,1
2527,1
2528,0
2529,0
2530,0
2531,1
2532,1
2533,0
2534,1
2535,1
2536,1
2537,1
2538,0
2539,0
2540,0
2541,1
2542,1
2543,1
2544,0
2545,0
2546,0
2547,1
2548,1
2549,1
2550,0
2551,0
2552,0
2553,1
2554,0
2555,1
2556,0
2557,0
2558,1
2559,1
2560,0
2561,0
2562,0
2563,0
2564,1
2565,1
2566,0
2567,1
2568,0
2569,1
2570,1
2571,1
2572,1
2573,0
2574,1
2575,1
2576,1
2577,0
2578,0
2579,0
2580,1
2581,1
2582,1
2583,1
2584,0
2585,1
2586,1
2587,1
2588,0
2589,1
2590,1
2591,0
2592,1
2593,0
2594,0
2595,0
2596,1
2597,1
2598,1
2599,1
2600,1
2601,0
2602,0
2603,0
2604,1
2605,0
2606,1
2607,0
2608,1
2609,0
2610,1
2611,0
2612,0
2613,0
2614,1
2615,1
2616,0
2617,0
2618,1
2619,1
2620,0
2621,0
2622,1
2623,0
2624,1
2625,0
2626,1
2627,0
2628,0
2629,0
2630,1
2631,1
2632,0
2633,1
2634,0
2635,0
2636,0
2637,1
2638,0
2639,1
2640,0
2641,1
2642,0
2643,1
2644,0
2645,1
2646,0
2647,0
2648,0
2649,1
2650,0
2651,0
2652,1
2653,1
2654,1
2655,0
2656,0
2657,1
2658,1
2659,0
2660,1
2661,0
2662,0
2663,1
2664,0
2665,0
2666,0
2667,1
2668,0
2669,1
2670,1
2671,0
2672,1
2673,1
2674,0
2675,0
2676,1
2677,1
2678,0
2679,1
2680,1
2681,0
2682,0
2683,1
2684,1
2685,0
2686,1
2687,1
2688,1
2689,1
2690,0
2691,1
2692,0
2693,0
2694,0
2695,1
2696,1
2697,0
2698,0
2699,0
2700,1
2701,1
2702,1
2703,0
2704,1
2705,0
2706,1
2707,0
2708,1
2709,1
2710,0
2711,0
2712,0
2713,1
2714,1
2715,1
2716,1
2717,0
2718,0
2719,0
2720,0
2721,0
2722,0
2723,1
2724,0
2725,1
2726,0
2727,0
2728,1
2729,1
2730,1
2731,1
2732,1
2733,0
2734,0
2735,0
2736,0
2737,0
2738,0
2739,0
2740,1
2741,1
2742,0
2743,0
2744,1
2745,1
2746,1
2747,0
2748,0
2749,0
2750,1
2751,0
2752,1
2753,1
2754,1
2755,1
2756,1
2757,1
2758,0
2759,0
2760,1
2761,0
2762,0
2763,1
2764,1
2765,1
2766,0
2767,0
2768,1
2769,1
2770,1
2771,0
2772,0
2773,0
2774,1
2775,1
2776,1
2777,1
2778,0
2779,0
2780,0
2781,0
2782,1
2783,1
2784,0
2785,0
2786,1
2787,0
2788,1
2789,0
2790,0
2791,0
2792,0
2793,0
2794,0
2795,0
2796,0
2797,1
2798,0
2799,1
2800,0
2801,1
2802,0
2803,0
2804,1
2805,0
2806,0
2807,0
2808,0
2809,1
2810,0
2811,0
2812,0
2813,1
2814,0
2815,0
2816,0
2817,1
2818,0
2819,1
2820,0
2821,0
2822,0
2823,1
2824,0
2825,0
2826,0
2827,0
2828,1
2829,1
2830,0
2831,1
2832,0
2833,1
2834,1
2835,1
2836,0
2837,1
2838,1
2839,0
2840,1
2841,1
2842,1
2843,0
2844,0
2845,0
2846,1
2847,1
2848,1
2849,0
2850,1
2851,1
2852,1
2853,0
2854,1
2855,0
2856,0
2857,1
2858,1
2859,1
2860,1
2861,1
2862,0
2863,1
2864,1
2865,1
2866,0
2867,1
2868,1
2869,0
2870,1
2871,1
2872,0
2873,1
2874,1
2875,0
2876,1
2877,1
2878,0
2879,0
2880,1
2881,0
2882,0
2883,0
2884,1
2885,0
2886,0
2887,0
2888,0
2889,0
2890,0
2891,1
2892,1
2893,0
2894,1
2895,0
2896,0
2897,1
2898,1
2899,0
2900,0
2901,1
2902,1
2903,1
2904,1
2905,1
2906,1
2907,1
2908,1
2909,1
2910,1
2911,0
2912,1
2913,1
2914,0
2915,0
2916,1
2917,0
2918,0
2919,0
2920,0
2921,1
2922,0
2923,0
2924,0
2925,1
2926,0
2927,1
2928,0
2929,1
2930,0
2931,1
2932,0
2933,0
2934,1
2935,0
2936,1
2937,1
2938,1
2939,1
2940,0
2941,1
2942,0
2943,1
2944,1
2945,0
2946,0
2947,1
2948,0
2949,1
2950,0
2951,0
2952,1
2953,1
2954,0
2955,0
2956,1
2957,0
2958,1
2959,1
2960,1
2961,0
2962,0
2963,1
2964,1
2965,0
2966,1
2967,1
2968,0
2969,0
2970,1
2971,0
2972,0
2973,0
2974,1
2975,0
2976,1
2977,1
2978,1
2979,0
2980,1
2981,1
2982,1
2983,1
2984,1
2985,1
2986,1
2987,1
2988,0
2989,1
2990,1
2991,1
2992,0
2993,0
2994,0
2995,0
2996,0
2997,1
2998,0
2999,0
