,ot-ANN-266
0,1
1,0
2,1
3,0
4,1
5,1
6,0
7,0
8,1
9,0
10,1
11,1
12,1
13,0
14,0
15,1
16,0
17,0
18,0
19,1
20,1
21,0
22,1
23,0
24,1
25,0
26,0
27,1
28,1
29,1
30,1
31,0
32,1
33,0
34,0
35,0
36,0
37,0
38,0
39,0
40,0
41,0
42,0
43,1
44,0
45,1
46,1
47,0
48,0
49,0
50,1
51,0
52,0
53,0
54,0
55,1
56,0
57,0
58,0
59,0
60,0
61,1
62,0
63,1
64,0
65,1
66,1
67,0
68,0
69,0
70,0
71,0
72,1
73,1
74,0
75,0
76,1
77,1
78,1
79,0
80,1
81,1
82,0
83,0
84,0
85,0
86,1
87,0
88,0
89,0
90,0
91,0
92,1
93,1
94,0
95,0
96,1
97,0
98,1
99,0
100,0
101,0
102,1
103,0
104,1
105,0
106,1
107,0
108,0
109,0
110,1
111,1
112,0
113,0
114,0
115,1
116,1
117,1
118,1
119,0
120,0
121,0
122,0
123,0
124,0
125,0
126,0
127,0
128,0
129,0
130,0
131,0
132,1
133,0
134,1
135,0
136,0
137,0
138,0
139,1
140,0
141,0
142,1
143,0
144,1
145,0
146,1
147,0
148,0
149,1
150,0
151,0
152,0
153,1
154,1
155,0
156,0
157,1
158,0
159,0
160,0
161,1
162,1
163,0
164,0
165,0
166,0
167,1
168,0
169,0
170,1
171,0
172,1
173,1
174,1
175,0
176,0
177,0
178,0
179,1
180,1
181,0
182,0
183,0
184,0
185,0
186,1
187,0
188,0
189,1
190,0
191,0
192,1
193,1
194,0
195,1
196,1
197,1
198,0
199,1
200,1
201,1
202,0
203,0
204,0
205,0
206,1
207,0
208,1
209,1
210,0
211,1
212,0
213,0
214,1
215,0
216,0
217,1
218,1
219,1
220,0
221,0
222,1
223,0
224,0
225,1
226,0
227,0
228,0
229,0
230,1
231,0
232,1
233,0
234,1
235,1
236,0
237,0
238,1
239,0
240,0
241,0
242,1
243,0
244,1
245,0
246,0
247,0
248,1
249,0
250,1
251,0
252,1
253,0
254,1
255,0
256,1
257,0
258,0
259,0
260,0
261,0
262,0
263,1
264,1
265,1
266,0
267,1
268,1
269,1
270,1
271,1
272,0
273,1
274,0
275,0
276,0
277,1
278,1
279,0
280,0
281,1
282,0
283,0
284,0
285,1
286,1
287,0
288,0
289,1
290,0
291,0
292,0
293,1
294,0
295,0
296,1
297,0
298,0
299,0
300,1
301,0
302,0
303,0
304,0
305,0
306,0
307,0
308,1
309,0
310,0
311,1
312,0
313,0
314,1
315,1
316,0
317,1
318,1
319,1
320,0
321,0
322,0
323,1
324,0
325,0
326,0
327,1
328,0
329,0
330,1
331,1
332,1
333,1
334,1
335,0
336,0
337,0
338,1
339,0
340,1
341,0
342,1
343,0
344,1
345,0
346,0
347,0
348,0
349,1
350,0
351,0
352,0
353,0
354,1
355,0
356,1
357,1
358,1
359,1
360,0
361,0
362,0
363,1
364,0
365,1
366,0
367,1
368,1
369,0
370,0
371,1
372,0
373,0
374,1
375,1
376,0
377,0
378,0
379,0
380,0
381,0
382,1
383,0
384,0
385,1
386,0
387,1
388,0
389,0
390,0
391,1
392,1
393,0
394,1
395,1
396,0
397,0
398,0
399,1
400,0
401,0
402,0
403,1
404,0
405,0
406,0
407,0
408,0
409,0
410,0
411,0
412,1
413,0
414,0
415,0
416,0
417,0
418,1
419,1
420,1
421,0
422,0
423,0
424,0
425,0
426,0
427,0
428,1
429,1
430,1
431,1
432,1
433,0
434,0
435,0
436,1
437,1
438,0
439,1
440,1
441,0
442,0
443,1
444,0
445,1
446,0
447,0
448,1
449,1
450,1
451,0
452,1
453,1
454,1
455,0
456,0
457,0
458,0
459,1
460,0
461,0
462,1
463,1
464,1
465,0
466,0
467,1
468,1
469,1
470,1
471,0
472,1
473,0
474,0
475,0
476,0
477,1
478,0
479,0
480,0
481,1
482,1
483,1
484,0
485,1
486,1
487,1
488,1
489,0
490,1
491,0
492,0
493,1
494,1
495,0
496,0
497,0
498,0
499,1
500,0
501,0
502,0
503,1
504,0
505,0
506,0
507,1
508,1
509,0
510,1
511,0
512,1
513,1
514,0
515,1
516,0
517,0
518,0
519,0
520,1
521,0
522,1
523,1
524,0
525,0
526,1
527,0
528,0
529,1
530,0
531,1
532,1
533,1
534,1
535,0
536,1
537,0
538,0
539,0
540,1
541,0
542,0
543,0
544,1
545,0
546,1
547,1
548,1
549,0
550,0
551,0
552,0
553,1
554,0
555,0
556,0
557,0
558,1
559,1
560,1
561,0
562,1
563,0
564,0
565,0
566,1
567,0
568,1
569,0
570,0
571,1
572,0
573,1
574,0
575,1
576,1
577,0
578,1
579,0
580,0
581,0
582,0
583,1
584,0
585,1
586,1
587,1
588,1
589,1
590,0
591,0
592,1
593,0
594,0
595,1
596,0
597,1
598,1
599,0
600,1
601,0
602,0
603,0
604,1
605,0
606,0
607,0
608,0
609,0
610,1
611,0
612,0
613,1
614,1
615,1
616,0
617,0
618,0
619,0
620,0
621,1
622,0
623,0
624,0
625,0
626,0
627,1
628,0
629,0
630,0
631,0
632,0
633,1
634,1
635,0
636,1
637,1
638,0
639,0
640,0
641,0
642,0
643,1
644,0
645,1
646,0
647,1
648,0
649,0
650,1
651,0
652,0
653,0
654,1
655,0
656,1
657,0
658,0
659,0
660,0
661,1
662,0
663,1
664,0
665,0
666,0
667,0
668,1
669,0
670,0
671,1
672,0
673,1
674,0
675,0
676,0
677,0
678,1
679,1
680,1
681,1
682,1
683,1
684,0
685,0
686,1
687,1
688,1
689,1
690,1
691,0
692,0
693,0
694,0
695,1
696,0
697,1
698,0
699,1
700,0
701,1
702,0
703,0
704,0
705,0
706,0
707,0
708,0
709,0
710,1
711,0
712,0
713,0
714,1
715,1
716,0
717,1
718,1
719,1
720,0
721,0
722,1
723,0
724,0
725,1
726,0
727,0
728,1
729,1
730,1
731,1
732,1
733,1
734,0
735,0
736,1
737,1
738,0
739,0
740,0
741,1
742,1
743,0
744,1
745,0
746,0
747,1
748,0
749,0
750,0
751,0
752,1
753,0
754,0
755,0
756,0
757,1
758,1
759,1
760,1
761,0
762,1
763,1
764,0
765,0
766,0
767,0
768,0
769,0
770,0
771,0
772,0
773,1
774,0
775,0
776,1
777,1
778,0
779,0
780,0
781,1
782,0
783,1
784,0
785,1
786,1
787,0
788,1
789,1
790,0
791,0
792,0
793,1
794,0
795,0
796,1
797,0
798,1
799,0
800,0
801,1
802,0
803,0
804,0
805,0
806,0
807,0
808,1
809,1
810,0
811,1
812,0
813,1
814,1
815,0
816,0
817,0
818,0
819,1
820,1
821,1
822,1
823,0
824,1
825,0
826,0
827,0
828,0
829,0
830,0
831,1
832,1
833,0
834,0
835,1
836,1
837,1
838,0
839,0
840,0
841,0
842,0
843,0
844,1
845,0
846,0
847,0
848,0
849,0
850,1
851,1
852,0
853,1
854,1
855,0
856,1
857,0
858,1
859,1
860,1
861,0
862,0
863,0
864,0
865,0
866,1
867,0
868,0
869,1
870,1
871,1
872,0
873,0
874,0
875,0
876,0
877,1
878,0
879,0
880,0
881,0
882,0
883,1
884,0
885,0
886,0
887,0
888,0
889,0
890,0
891,0
892,0
893,1
894,0
895,1
896,0
897,1
898,1
899,0
900,0
901,0
902,0
903,1
904,1
905,1
906,1
907,0
908,1
909,0
910,0
911,0
912,1
913,1
914,1
915,1
916,0
917,0
918,0
919,1
920,1
921,0
922,0
923,1
924,0
925,1
926,1
927,1
928,0
929,0
930,0
931,1
932,1
933,1
934,0
935,0
936,0
937,0
938,1
939,1
940,0
941,0
942,1
943,1
944,1
945,1
946,1
947,0
948,0
949,0
950,1
951,0
952,0
953,1
954,0
955,0
956,1
957,0
958,1
959,1
960,1
961,1
962,1
963,0
964,0
965,0
966,1
967,0
968,0
969,0
970,0
971,0
972,0
973,0
974,1
975,1
976,1
977,0
978,0
979,1
980,0
981,1
982,0
983,0
984,1
985,0
986,0
987,0
988,0
989,0
990,0
991,1
992,1
993,0
994,1
995,0
996,1
997,0
998,0
999,0
1000,0
1001,0
1002,0
1003,1
1004,1
1005,1
1006,0
1007,0
1008,0
1009,0
1010,0
1011,0
1012,0
1013,1
1014,1
1015,0
1016,0
1017,0
1018,0
1019,0
1020,0
1021,0
1022,0
1023,0
1024,0
1025,0
1026,0
1027,0
1028,0
1029,0
1030,0
1031,0
1032,0
1033,0
1034,0
1035,1
1036,0
1037,0
1038,0
1039,0
1040,1
1041,0
1042,1
1043,0
1044,1
1045,1
1046,0
1047,0
1048,0
1049,1
1050,0
1051,1
1052,0
1053,0
1054,0
1055,1
1056,0
1057,0
1058,1
1059,0
1060,1
1061,0
1062,0
1063,0
1064,0
1065,1
1066,0
1067,0
1068,1
1069,0
1070,0
1071,0
1072,1
1073,0
1074,1
1075,1
1076,0
1077,0
1078,1
1079,1
1080,0
1081,1
1082,1
1083,1
1084,0
1085,1
1086,1
1087,0
1088,0
1089,1
1090,1
1091,1
1092,0
1093,0
1094,0
1095,0
1096,0
1097,0
1098,1
1099,0
1100,0
1101,1
1102,0
1103,1
1104,0
1105,0
1106,1
1107,0
1108,1
1109,1
1110,0
1111,0
1112,0
1113,1
1114,0
1115,0
1116,0
1117,1
1118,1
1119,1
1120,0
1121,0
1122,1
1123,0
1124,0
1125,0
1126,0
1127,0
1128,0
1129,0
1130,0
1131,0
1132,1
1133,1
1134,1
1135,0
1136,0
1137,1
1138,0
1139,0
1140,0
1141,0
1142,0
1143,0
1144,0
1145,1
1146,1
1147,0
1148,1
1149,0
1150,1
1151,0
1152,0
1153,1
1154,0
1155,0
1156,0
1157,0
1158,0
1159,0
1160,0
1161,0
1162,1
1163,0
1164,0
1165,0
1166,0
1167,0
1168,0
1169,0
1170,0
1171,0
1172,0
1173,1
1174,0
1175,0
1176,0
1177,0
1178,0
1179,0
1180,1
1181,1
1182,0
1183,0
1184,0
1185,1
1186,1
1187,0
1188,1
1189,1
1190,0
1191,0
1192,0
1193,1
1194,0
1195,0
1196,0
1197,0
1198,0
1199,0
1200,0
1201,0
1202,1
1203,0
1204,1
1205,1
1206,0
1207,0
1208,0
1209,0
1210,0
1211,1
1212,1
1213,0
1214,0
1215,0
1216,0
1217,0
1218,1
1219,1
1220,1
1221,0
1222,0
1223,0
1224,0
1225,0
1226,0
1227,0
1228,1
1229,1
1230,1
1231,0
1232,1
1233,0
1234,0
1235,0
1236,1
1237,0
1238,0
1239,1
1240,1
1241,0
1242,1
1243,1
1244,0
1245,0
1246,0
1247,1
1248,1
1249,1
1250,0
1251,0
1252,0
1253,1
1254,0
1255,0
1256,1
1257,0
1258,1
1259,0
1260,0
1261,1
1262,0
1263,0
1264,1
1265,1
1266,0
1267,1
1268,0
1269,1
1270,0
1271,1
1272,0
1273,1
1274,0
1275,0
1276,1
1277,0
1278,1
1279,0
1280,1
1281,0
1282,1
1283,0
1284,0
1285,1
1286,0
1287,0
1288,1
1289,0
1290,0
1291,1
1292,0
1293,0
1294,0
1295,0
1296,1
1297,0
1298,1
1299,0
1300,0
1301,1
1302,0
1303,1
1304,1
1305,1
1306,1
1307,0
1308,1
1309,1
1310,0
1311,0
1312,1
1313,0
1314,0
1315,0
1316,0
1317,0
1318,0
1319,1
1320,0
1321,1
1322,0
1323,0
1324,0
1325,1
1326,0
1327,0
1328,1
1329,0
1330,0
1331,0
1332,0
1333,0
1334,0
1335,1
1336,0
1337,0
1338,0
1339,1
1340,0
1341,0
1342,1
1343,0
1344,1
1345,1
1346,1
1347,0
1348,1
1349,0
1350,0
1351,1
1352,0
1353,1
1354,1
1355,0
1356,1
1357,0
1358,1
1359,0
1360,1
1361,0
1362,1
1363,0
1364,0
1365,1
1366,0
1367,0
1368,0
1369,1
1370,0
1371,0
1372,0
1373,0
1374,0
1375,0
1376,1
1377,1
1378,1
1379,0
1380,0
1381,1
1382,0
1383,0
1384,0
1385,0
1386,0
1387,0
1388,0
1389,0
1390,1
1391,0
1392,0
1393,0
1394,0
1395,0
1396,0
1397,1
1398,1
1399,0
1400,1
1401,0
1402,1
1403,1
1404,0
1405,0
1406,0
1407,1
1408,1
1409,0
1410,0
1411,0
1412,1
1413,1
1414,1
1415,0
1416,1
1417,1
1418,0
1419,1
1420,1
1421,1
1422,0
1423,0
1424,0
1425,1
1426,0
1427,1
1428,0
1429,0
1430,1
1431,0
1432,0
1433,0
1434,0
1435,0
1436,0
1437,1
1438,0
1439,0
1440,0
1441,1
1442,0
1443,0
1444,1
1445,0
1446,0
1447,1
1448,1
1449,1
1450,0
1451,1
1452,0
1453,1
1454,1
1455,1
1456,0
1457,0
1458,0
1459,1
1460,1
1461,0
1462,0
1463,0
1464,0
1465,0
1466,1
1467,1
1468,0
1469,0
1470,0
1471,0
1472,0
1473,1
1474,0
1475,0
1476,0
1477,0
1478,0
1479,1
1480,1
1481,0
1482,1
1483,1
1484,1
1485,0
1486,1
1487,0
1488,0
1489,0
1490,1
1491,0
1492,0
1493,0
1494,0
1495,0
1496,0
1497,0
1498,0
1499,0
1500,0
1501,0
1502,1
1503,1
1504,0
1505,0
1506,1
1507,0
1508,1
1509,0
1510,0
1511,0
1512,0
1513,0
1514,1
1515,1
1516,0
1517,1
1518,0
1519,1
1520,1
1521,0
1522,0
1523,0
1524,0
1525,0
1526,0
1527,1
1528,0
1529,0
1530,0
1531,0
1532,0
1533,0
1534,0
1535,0
1536,0
1537,1
1538,1
1539,0
1540,1
1541,0
1542,1
1543,1
1544,0
1545,0
1546,0
1547,0
1548,0
1549,1
1550,1
1551,1
1552,0
1553,0
1554,0
1555,0
1556,0
1557,0
1558,0
1559,0
1560,1
1561,1
1562,0
1563,0
1564,1
1565,0
1566,1
1567,1
1568,1
1569,0
1570,0
1571,1
1572,0
1573,0
1574,1
1575,0
1576,1
1577,1
1578,1
1579,0
1580,0
1581,0
1582,1
1583,1
1584,0
1585,0
1586,0
1587,0
1588,0
1589,0
1590,0
1591,0
1592,1
1593,0
1594,0
1595,0
1596,0
1597,0
1598,0
1599,0
1600,1
1601,0
1602,1
1603,0
1604,0
1605,1
1606,0
1607,0
1608,0
1609,0
1610,0
1611,0
1612,0
1613,0
1614,1
1615,0
1616,0
1617,0
1618,1
1619,0
1620,0
1621,0
1622,1
1623,0
1624,0
1625,0
1626,0
1627,0
1628,1
1629,1
1630,0
1631,1
1632,0
1633,1
1634,0
1635,0
1636,1
1637,1
1638,0
1639,0
1640,1
1641,0
1642,0
1643,0
1644,1
1645,1
1646,0
1647,1
1648,1
1649,0
1650,1
1651,1
1652,0
1653,1
1654,0
1655,0
1656,0
1657,0
1658,0
1659,0
1660,0
1661,1
1662,1
1663,1
1664,1
1665,1
1666,1
1667,1
1668,0
1669,0
1670,0
1671,0
1672,0
1673,0
1674,1
1675,0
1676,1
1677,1
1678,1
1679,0
1680,0
1681,0
1682,0
1683,0
1684,1
1685,0
1686,0
1687,1
1688,1
1689,1
1690,1
1691,1
1692,0
1693,0
1694,0
1695,0
1696,0
1697,1
1698,1
1699,0
1700,0
1701,0
1702,1
1703,1
1704,0
1705,0
1706,1
1707,1
1708,0
1709,0
1710,0
1711,0
1712,0
1713,0
1714,0
1715,1
1716,1
1717,1
1718,1
1719,1
1720,1
1721,0
1722,0
1723,0
1724,1
1725,0
1726,1
1727,0
1728,0
1729,0
1730,0
1731,0
1732,1
1733,0
1734,0
1735,0
1736,1
1737,0
1738,1
1739,0
1740,0
1741,1
1742,0
1743,1
1744,1
1745,1
1746,1
1747,1
1748,0
1749,0
1750,1
1751,0
1752,0
1753,1
1754,0
1755,0
1756,0
1757,1
1758,0
1759,1
1760,0
1761,0
1762,0
1763,1
1764,1
1765,1
1766,0
1767,0
1768,0
1769,0
1770,1
1771,1
1772,0
1773,1
1774,1
1775,0
1776,0
1777,0
1778,1
1779,1
1780,0
1781,1
1782,0
1783,1
1784,1
1785,0
1786,0
1787,1
1788,0
1789,1
1790,0
1791,0
1792,0
1793,0
1794,0
1795,0
1796,1
1797,1
1798,0
1799,0
1800,0
1801,0
1802,1
1803,0
1804,0
1805,1
1806,1
1807,0
1808,0
1809,1
1810,0
1811,0
1812,0
1813,1
1814,0
1815,0
1816,0
1817,0
1818,1
1819,1
1820,0
1821,1
1822,0
1823,1
1824,1
1825,1
1826,1
1827,1
1828,0
1829,0
1830,1
1831,0
1832,0
1833,1
1834,0
1835,0
1836,0
1837,0
1838,0
1839,1
1840,0
1841,0
1842,0
1843,0
1844,0
1845,1
1846,0
1847,0
1848,0
1849,0
1850,1
1851,0
1852,0
1853,1
1854,1
1855,1
1856,0
1857,1
1858,1
1859,0
1860,1
1861,0
1862,1
1863,0
1864,0
1865,1
1866,0
1867,0
1868,0
1869,0
1870,0
1871,0
1872,0
1873,1
1874,0
1875,0
1876,1
1877,0
1878,1
1879,1
1880,1
1881,0
1882,1
1883,1
1884,0
1885,0
1886,1
1887,0
1888,0
1889,0
1890,1
1891,0
1892,0
1893,1
1894,0
1895,0
1896,1
1897,0
1898,1
1899,1
1900,1
1901,0
1902,1
1903,1
1904,1
1905,1
1906,0
1907,0
1908,0
1909,0
1910,1
1911,0
1912,0
1913,0
1914,1
1915,0
1916,0
1917,0
1918,0
1919,0
1920,0
1921,0
1922,0
1923,0
1924,0
1925,1
1926,1
1927,0
1928,0
1929,1
1930,0
1931,0
1932,0
1933,0
1934,0
1935,0
1936,0
1937,0
1938,0
1939,0
1940,1
1941,0
1942,0
1943,0
1944,1
1945,0
1946,0
1947,0
1948,0
1949,0
1950,0
1951,0
1952,1
1953,0
1954,1
1955,1
1956,0
1957,0
1958,0
1959,1
1960,0
1961,0
1962,0
1963,0
1964,0
1965,1
1966,1
1967,1
1968,1
1969,1
1970,0
1971,1
1972,0
1973,0
1974,0
1975,0
1976,1
1977,1
1978,0
1979,1
1980,0
1981,0
1982,1
1983,0
1984,1
1985,1
1986,0
1987,0
1988,0
1989,0
1990,0
1991,0
1992,1
1993,0
1994,0
1995,0
1996,1
1997,0
1998,1
1999,1
2000,1
2001,0
2002,0
2003,0
2004,0
2005,0
2006,0
2007,0
2008,0
2009,0
2010,1
2011,0
2012,1
2013,0
2014,0
2015,1
2016,0
2017,0
2018,1
2019,0
2020,1
2021,1
2022,1
2023,0
2024,1
2025,0
2026,0
2027,0
2028,1
2029,0
2030,1
2031,0
2032,1
2033,0
2034,1
2035,0
2036,0
2037,1
2038,0
2039,0
2040,0
2041,0
2042,0
2043,0
2044,0
2045,0
2046,0
2047,1
2048,0
2049,1
2050,1
2051,1
2052,0
2053,0
2054,0
2055,0
2056,0
2057,0
2058,1
2059,1
2060,0
2061,1
2062,0
2063,1
2064,1
2065,0
2066,0
2067,1
2068,0
2069,0
2070,1
2071,0
2072,1
2073,1
2074,0
2075,0
2076,1
2077,0
2078,1
2079,1
2080,0
2081,0
2082,0
2083,0
2084,0
2085,0
2086,0
2087,0
2088,1
2089,1
2090,0
2091,0
2092,0
2093,1
2094,0
2095,0
2096,0
2097,0
2098,1
2099,0
2100,1
2101,1
2102,0
2103,1
2104,1
2105,0
2106,0
2107,0
2108,1
2109,0
2110,0
2111,0
2112,1
2113,0
2114,0
2115,0
2116,0
2117,0
2118,0
2119,0
2120,1
2121,0
2122,0
2123,0
2124,0
2125,0
2126,0
2127,1
2128,0
2129,0
2130,1
2131,0
2132,1
2133,0
2134,0
2135,0
2136,1
2137,1
2138,0
2139,1
2140,0
2141,0
2142,0
2143,0
2144,1
2145,0
2146,1
2147,0
2148,1
2149,0
2150,0
2151,0
2152,1
2153,0
2154,1
2155,1
2156,1
2157,1
2158,1
2159,1
2160,0
2161,0
2162,0
2163,1
2164,0
2165,1
2166,0
2167,0
2168,1
2169,1
2170,1
2171,0
2172,0
2173,1
2174,0
2175,0
2176,1
2177,1
2178,1
2179,1
2180,1
2181,0
2182,1
2183,1
2184,0
2185,0
2186,1
2187,0
2188,1
2189,0
2190,0
2191,0
2192,0
2193,0
2194,0
2195,0
2196,0
2197,0
2198,0
2199,1
2200,0
2201,0
2202,0
2203,0
2204,1
2205,0
2206,0
2207,0
2208,0
2209,1
2210,0
2211,0
2212,0
2213,1
2214,0
2215,1
2216,0
2217,0
2218,1
2219,0
2220,0
2221,0
2222,0
2223,1
2224,1
2225,0
2226,0
2227,0
2228,0
2229,1
2230,1
2231,0
2232,1
2233,0
2234,0
2235,0
2236,0
2237,0
2238,1
2239,0
2240,1
2241,0
2242,0
2243,1
2244,1
2245,1
2246,0
2247,1
2248,1
2249,0
2250,0
2251,0
2252,1
2253,1
2254,0
2255,0
2256,0
2257,1
2258,0
2259,0
2260,0
2261,0
2262,0
2263,1
2264,1
2265,1
2266,1
2267,0
2268,1
2269,1
2270,0
2271,0
2272,1
2273,0
2274,0
2275,0
2276,1
2277,1
2278,0
2279,1
2280,0
2281,0
2282,1
2283,0
2284,0
2285,0
2286,1
2287,0
2288,0
2289,0
2290,0
2291,1
2292,0
2293,0
2294,1
2295,1
2296,0
2297,1
2298,1
2299,1
2300,0
2301,0
2302,0
2303,0
2304,0
2305,0
2306,0
2307,1
2308,1
2309,1
2310,1
2311,0
2312,1
2313,1
2314,0
2315,1
2316,0
2317,0
2318,1
2319,0
2320,0
2321,0
2322,0
2323,0
2324,0
2325,1
2326,0
2327,1
2328,1
2329,1
2330,0
2331,1
2332,0
2333,1
2334,0
2335,1
2336,1
2337,0
2338,0
2339,1
2340,1
2341,1
2342,0
2343,1
2344,0
2345,0
2346,0
2347,0
2348,0
2349,0
2350,1
2351,1
2352,1
2353,1
2354,1
2355,0
2356,0
2357,1
2358,0
2359,0
2360,0
2361,0
2362,0
2363,0
2364,0
2365,1
2366,0
2367,1
2368,1
2369,0
2370,0
2371,0
2372,1
2373,0
2374,0
2375,0
2376,1
2377,1
2378,0
2379,1
2380,0
2381,0
2382,0
2383,1
2384,1
2385,0
2386,0
2387,0
2388,0
2389,0
2390,1
2391,1
2392,0
2393,1
2394,0
2395,0
2396,1
2397,1
2398,1
2399,1
2400,1
2401,0
2402,1
2403,0
2404,0
2405,0
2406,0
2407,0
2408,0
2409,0
2410,0
2411,0
2412,0
2413,1
2414,0
2415,1
2416,0
2417,0
2418,0
2419,0
2420,0
2421,1
2422,0
2423,0
2424,0
2425,1
2426,1
2427,0
2428,1
2429,1
2430,0
2431,0
2432,0
2433,0
2434,0
2435,0
2436,0
2437,1
2438,0
2439,0
2440,0
2441,0
2442,1
2443,1
2444,0
2445,1
2446,0
2447,0
2448,1
2449,0
2450,0
2451,0
2452,0
2453,0
2454,0
2455,1
2456,0
2457,0
2458,0
2459,0
2460,0
2461,1
2462,1
2463,1
2464,1
2465,0
2466,0
2467,1
2468,0
2469,1
2470,0
2471,1
2472,1
2473,1
2474,0
2475,1
2476,0
2477,1
2478,0
2479,0
2480,0
2481,0
2482,0
2483,1
2484,1
2485,0
2486,0
2487,0
2488,0
2489,1
2490,0
2491,1
2492,1
2493,1
2494,0
2495,0
2496,0
2497,1
2498,0
2499,1
2500,0
2501,0
2502,0
2503,1
2504,0
2505,0
2506,0
2507,0
2508,0
2509,1
2510,0
2511,0
2512,0
2513,0
2514,0
2515,0
2516,0
2517,0
2518,1
2519,0
2520,0
2521,1
2522,0
2523,1
2524,1
2525,0
2526,0
2527,1
2528,0
2529,0
2530,0
2531,0
2532,0
2533,0
2534,0
2535,1
2536,1
2537,0
2538,0
2539,0
2540,0
2541,1
2542,1
2543,1
2544,0
2545,1
2546,1
2547,1
2548,1
2549,1
2550,0
2551,0
2552,1
2553,1
2554,1
2555,1
2556,0
2557,0
2558,0
2559,0
2560,0
2561,1
2562,1
2563,0
2564,1
2565,1
2566,0
2567,1
2568,0
2569,0
2570,0
2571,1
2572,0
2573,0
2574,0
2575,1
2576,0
2577,0
2578,0
2579,0
2580,1
2581,1
2582,0
2583,0
2584,0
2585,0
2586,1
2587,0
2588,0
2589,1
2590,0
2591,0
2592,1
2593,1
2594,0
2595,1
2596,1
2597,1
2598,1
2599,0
2600,0
2601,1
2602,0
2603,0
2604,0
2605,0
2606,1
2607,1
2608,0
2609,0
2610,1
2611,1
2612,0
2613,0
2614,1
2615,1
2616,0
2617,0
2618,1
2619,1
2620,0
2621,1
2622,0
2623,0
2624,1
2625,0
2626,1
2627,0
2628,0
2629,1
2630,0
2631,0
2632,0
2633,0
2634,0
2635,1
2636,0
2637,1
2638,0
2639,0
2640,0
2641,0
2642,1
2643,0
2644,0
2645,1
2646,0
2647,0
2648,1
2649,0
2650,0
2651,0
2652,1
2653,1
2654,1
2655,0
2656,1
2657,0
2658,0
2659,0
2660,0
2661,0
2662,0
2663,1
2664,0
2665,0
2666,0
2667,1
2668,0
2669,1
2670,1
2671,0
2672,1
2673,1
2674,0
2675,0
2676,0
2677,1
2678,1
2679,1
2680,1
2681,0
2682,1
2683,1
2684,0
2685,0
2686,1
2687,0
2688,0
2689,0
2690,1
2691,0
2692,0
2693,0
2694,0
2695,1
2696,0
2697,0
2698,0
2699,0
2700,1
2701,0
2702,0
2703,0
2704,0
2705,0
2706,0
2707,1
2708,0
2709,0
2710,0
2711,1
2712,0
2713,0
2714,1
2715,1
2716,0
2717,1
2718,0
2719,1
2720,0
2721,0
2722,0
2723,0
2724,0
2725,1
2726,0
2727,0
2728,0
2729,0
2730,1
2731,1
2732,1
2733,0
2734,0
2735,0
2736,0
2737,0
2738,0
2739,0
2740,0
2741,1
2742,0
2743,1
2744,1
2745,0
2746,1
2747,1
2748,0
2749,0
2750,1
2751,1
2752,1
2753,1
2754,1
2755,0
2756,0
2757,1
2758,1
2759,0
2760,1
2761,0
2762,0
2763,0
2764,1
2765,0
2766,0
2767,0
2768,0
2769,1
2770,1
2771,1
2772,0
2773,0
2774,0
2775,0
2776,0
2777,1
2778,1
2779,0
2780,1
2781,1
2782,0
2783,1
2784,0
2785,0
2786,1
2787,0
2788,1
2789,1
2790,0
2791,0
2792,1
2793,0
2794,0
2795,0
2796,0
2797,1
2798,0
2799,0
2800,0
2801,1
2802,1
2803,1
2804,1
2805,0
2806,0
2807,0
2808,0
2809,1
2810,0
2811,0
2812,0
2813,0
2814,1
2815,0
2816,1
2817,0
2818,0
2819,1
2820,1
2821,0
2822,0
2823,1
2824,1
2825,0
2826,1
2827,0
2828,0
2829,0
2830,0
2831,0
2832,0
2833,0
2834,1
2835,0
2836,1
2837,1
2838,1
2839,0
2840,0
2841,1
2842,1
2843,0
2844,0
2845,0
2846,1
2847,0
2848,1
2849,0
2850,0
2851,0
2852,1
2853,0
2854,0
2855,0
2856,0
2857,1
2858,1
2859,1
2860,0
2861,1
2862,0
2863,1
2864,1
2865,1
2866,0
2867,1
2868,1
2869,0
2870,1
2871,0
2872,0
2873,0
2874,1
2875,0
2876,0
2877,1
2878,0
2879,0
2880,1
2881,0
2882,0
2883,0
2884,0
2885,0
2886,1
2887,0
2888,0
2889,0
2890,0
2891,1
2892,0
2893,1
2894,0
2895,1
2896,0
2897,0
2898,1
2899,0
2900,0
2901,1
2902,0
2903,1
2904,0
2905,0
2906,1
2907,0
2908,0
2909,0
2910,1
2911,0
2912,1
2913,0
2914,1
2915,0
2916,0
2917,0
2918,0
2919,0
2920,0
2921,1
2922,0
2923,0
2924,1
2925,0
2926,0
2927,1
2928,0
2929,0
2930,0
2931,1
2932,0
2933,0
2934,1
2935,1
2936,0
2937,1
2938,0
2939,1
2940,1
2941,0
2942,0
2943,1
2944,1
2945,0
2946,0
2947,0
2948,0
2949,1
2950,1
2951,0
2952,1
2953,1
2954,1
2955,1
2956,0
2957,1
2958,1
2959,0
2960,1
2961,1
2962,0
2963,0
2964,0
2965,0
2966,0
2967,0
2968,1
2969,0
2970,1
2971,0
2972,0
2973,0
2974,1
2975,0
2976,1
2977,1
2978,1
2979,0
2980,1
2981,0
2982,1
2983,1
2984,1
2985,1
2986,1
2987,1
2988,0
2989,1
2990,0
2991,0
2992,0
2993,0
2994,0
2995,1
2996,0
2997,1
2998,0
2999,0
